NUMPOLLIES 108

// Floor 1
TEXTURE 0
-5.0  0.0 -6.0 0.0 20.0
-5.0  0.0  5.0 0.0 0.0
 5.0  0.0  5.0 20.0 0.0
 5.0  0.0 -6.0 20.0 20.0

// Ceiling 1
TEXTURE 1
-6.0  1.0 -2.0  0.0 20.0
-6.0  1.0  6.0 0. 0 0.0
 6.0  1.0  6.0 20.0 0.0
 6.0  1.0 -2.0  20.0 20.0

// Floor 2nd Floor
TEXTURE 14
-6.0  1.001 -2.0   0.0 14.0
-6.0  1.001 6.0    0.0 0.0
 6.0  1.001 6.0    14.0 0.0
 6.0  1.001 -2.0   14.0 14.0

// A1
TEXTURE 11
-2.0  1.0  -2.0 0.0 1.0
-2.0  0.0  -2.0 0.0 0.0
-0.5  0.0  -2.0 1.5 0.0
-0.5  1.0  -2.0 1.5 1.0

// A2
TEXTURE 11
 2.0  1.0  -2.0 2.0 1.0
 2.0  0.0  -2.0 2.0 0.0
 0.5  0.0  -2.0 0.5 0.0
 0.5  1.0  -2.0 0.5 1.0

// B1
TEXTURE 11
-2.0  1.0  2.0 2.0  1.0
-2.0  0.0   2.0 2.0 0.0
-0.5  0.0   2.0 0.5 0.0
-0.5  1.0  2.0 0.5  1.0

// B2
TEXTURE 11
 2.0  1.0  2.0 2.0  1.0
 2.0  0.0   2.0 2.0 0.0
 0.5  0.0   2.0 0.5 0.0
 0.5  1.0  2.0 0.5  1.0

// C1
TEXTURE 11
-2.0  1.0  -2.0 0.0  1.0
-2.0  0.0   -2.0 0.0 0.0
-2.0  0.0   -0.5 1.5 0.0
-2.0  1.0  -0.5 1.5  1.0

// C2
TEXTURE 11
-2.0  1.0   2.0 2.0 1.0
-2.0  0.0   2.0 2.0 0.0
-2.0  0.0   0.5 0.5 0.0
-2.0  1.0  0.5 0.5 1.0

// D1
TEXTURE 11
2.0  1.0  -2.0 0.0 1.0
2.0  0.0   -2.0 0.0 0.0
2.0  0.0   -0.5 1.5 0.0
2.0  1.0  -0.5 1.5 1.0

// D2
TEXTURE 11
2.0  1.0  2.0 2.0 1.0
2.0  0.0   2.0 2.0 0.0
2.0  0.0   0.5 0.5 0.0
2.0  1.0  0.5 0.5 1.0

// Lower hallway - L
TEXTURE 11
-0.5  1.0  3.0 0.0 1.0
-0.5  0.0   3.0 0.0 0.0
-0.5  0.0   2.0 1.0 0.0
-0.5  1.0  2.0 1.0 1.0

// Lower hallway - R
TEXTURE 11
0.5  1.0  3.0 0.0 1.0
0.5  0.0   3.0 0.0 0.0
0.5  0.0   2.0 1.0 0.0
0.5  1.0  2.0 1.0 1.0


// Left hallway - Lw
TEXTURE 11
-3.0  1.0  0.5 1.0 1.0
-3.0  0.0   0.5 1.0 0.0
-2.0  0.0   0.5 0.0 0.0
-2.0  1.0  0.5 0.0 1.0

// Left hallway - Hi
TEXTURE 11
-3.0  1.0  -0.5 1.0 1.0
-3.0  0.0   -0.5 1.0 0.0
-2.0  0.0   -0.5 0.0 0.0
-2.0  1.0  -0.5 0.0 1.0

// Right hallway - Lw
TEXTURE 11
3.0  1.0  0.5 1.0 1.0
3.0  0.0   0.5 1.0 0.0
2.0  0.0   0.5 0.0 0.0
2.0  1.0  0.5 0.0 1.0

// Right hallway - Hi
TEXTURE 11
3.0  1.0  -0.5 1.0 1.0
3.0  0.0   -0.5 1.0 0.0
2.0  0.0   -0.5 0.0 0.0
2.0  1.0 -0.5 0.0 1.0

//Far Wall
TEXTURE 11
-0.5  1.0  -6.0 0.0 1.0
-0.5  0.0  -6.0 0.0 0.0
0.5  0.0  -6.0 1.5 0.0
0.5  1.0  -6.0 1.5 1.0

//Far Left Wall
TEXTURE 11
-0.5  1.0  -2.0 0.0 1.0
-0.5  0.0  -2.0 0.0 0.0
-0.5  0.0  -6.0 1.5 0.0
-0.5  1.0  -6.0 1.5 1.0

//Far Right Wall
TEXTURE 11
0.5  1.0  -2.0 0.0 1.0
0.5  0.0  -2.0 0.0 0.0
0.5  0.0  -6.0 1.5 0.0
0.5  1.0  -6.0 1.5 1.0


// A1 Picture
TEXTURE 2
-1.6  0.85  -1.9999 1.0 1.0
-1.6  0.15  -1.9999 1.0 0.0
-0.9  0.15  -1.9999 0.0 0.0
-0.9  0.85  -1.9999 0.0 1.0

// A2 Picture
TEXTURE 5
1.6  0.85  -1.9999 1.0 1.0
1.6  0.15  -1.9999 1.0 0.0
0.9  0.15  -1.9999 0.0 0.0
0.9  0.85  -1.9999 0.0 1.0

// B1 Picture
TEXTURE 7
-1.6  0.85  1.9999 1.0 1.0
-1.6  0.15  1.9999 1.0 0.0
-0.9  0.15  1.9999 0.0 0.0
-0.9  0.85  1.9999 0.0 1.0

// B2 Picture
TEXTURE 3
 1.6  0.85  1.9999 1.0 1.0
 1.6  0.15  1.9999 1.0 0.0
 0.9  0.15  1.9999 0.0 0.0
 0.9  0.85  1.9999 0.0 1.0

// C1 Picture
TEXTURE 6
-1.9999  0.85  -1.6 1.0 1.0
-1.9999  0.15  -1.6 1.0 0.0
-1.9999  0.15  -0.9 0.0 0.0
-1.9999  0.85  -0.9 0.0 1.0

// C2 Picture
TEXTURE 4
-1.9999  0.85  1.6 1.0 1.0
-1.9999  0.15  1.6 1.0 0.0
-1.9999  0.15  0.9 0.0 0.0
-1.9999  0.85  0.9 0.0 1.0

// D1 Picture
TEXTURE 10
1.9999  0.85  -1.6 1.0 1.0
1.9999  0.15  -1.6 1.0 0.0
1.9999  0.15  -0.9 0.0 0.0
1.9999  0.85  -0.9 0.0 1.0

// D2 Picture
TEXTURE 9
1.9999  0.85  1.6 1.0 1.0
1.9999  0.15  1.6 1.0 0.0
1.9999  0.15  0.9 0.0 0.0
1.9999  0.85  0.9 0.0 1.0


//Far Wall Picture
TEXTURE 8
-0.45  0.95  -5.9999 0.0 1.0
-0.45  0.05  -5.9999 0.0 0.0
 0.45  0.05  -5.9999 1.0 0.0
 0.45  0.95  -5.9999 1.0 1.0

// B Side Door Picture
TEXTURE 12
-0.5  1.0  3.0 1.0 1.0
-0.5  0.0  3.0 1.0 0.0
 0.5  0.0  3.0 0.0 0.0
 0.5  1.0  3.0 0.0 1.0

// C Side Door
TEXTURE 12
-3.0  1.0  -0.5 1.0 1.0
-3.0  0.0  -0.5 1.0 0.0
-3.0  0.0   0.5 0.0 0.0
-3.0  1.0   0.5 0.0 1.0

// D Side Door
TEXTURE 12
3.0  1.0  -0.5 1.0 1.0
3.0  0.0  -0.5 1.0 0.0
3.0  0.0   0.5 0.0 0.0
3.0  1.0   0.5 0.0 1.0

//Step Front 1
TEXTURE 15
-0.35  0.075  -3.0 0.0 1.0
-0.35  0.0    -3.0 0.0 0.0
 0.35  0.0    -3.0 1.0 0.0
 0.35  0.075  -3.0 1.0 1.0

//Step Thickness 1
TEXTURE 14
-0.35  0.0833  -2.97 0.0 1.0
-0.35  0.075   -2.97 0.0 0.0
 0.35  0.075   -2.97 1.0 0.0
 0.35  0.0833  -2.97 1.0 1.0

//Step Thickness Underneath 1
TEXTURE 14
-0.35  0.075  -3.0  0.0 1.0
-0.35  0.075  -2.97 0.0 0.0
 0.35  0.075  -2.97 1.0 0.0
 0.35  0.075  -3.0  1.0 1.0

//Step Top 1
TEXTURE 14
-0.35  0.0833  -3.083 0.0 1.0
-0.35  0.0833  -2.97  0.0 0.0
 0.35  0.0833  -2.97  1.0 0.0
 0.35  0.0833  -3.083 1.0 1.0


//Step Front 2
TEXTURE 15
-0.35  0.1583  -3.083 0.0 1.0
-0.35  0.083   -3.083 0.0 0.0
 0.35  0.083   -3.083 1.0 0.0
 0.35  0.1583  -3.083 1.0 1.0

//Step Thickness 2
TEXTURE 14
-0.35  0.166   -3.053 0.0 1.0
-0.35  0.1583  -3.053 0.0 0.0
 0.35  0.1583  -3.053 1.0 0.0
 0.35  0.166   -3.053 1.0 1.0

//Step Thickness Underneath 2
TEXTURE 14
-0.35  0.1583   -3.083  0.0 1.0
-0.35  0.1583   -3.053  0.0 0.0
 0.35  0.1583   -3.053  1.0 0.0
 0.35  0.1583   -3.083  1.0 1.0

//Step Top 2
TEXTURE 14
-0.35  0.166   -3.166  0.0 1.0
-0.35  0.166   -3.053  0.0 0.0
 0.35  0.166   -3.053  1.0 0.0
 0.35  0.166   -3.166  1.0 1.0


//Step Front 3
TEXTURE 15
-0.35  0.2407  -3.146 0.0 1.0
-0.35  0.146   -3.146 0.0 0.0
 0.35  0.146   -3.146 1.0 0.0
 0.35  0.2407  -3.146 1.0 1.0

//Step Thickness 3
TEXTURE 14
-0.35  0.249   -3.136 0.0 1.0
-0.35  0.2407  -3.136 0.0 0.0
 0.35  0.2407  -3.136 1.0 0.0
 0.35  0.249   -3.136 1.0 1.0

//Step Thickness Underneath 3
TEXTURE 14
-0.35  0.2407   -3.146  0.0 1.0
-0.35  0.2407   -3.136  0.0 0.0
 0.35  0.2407   -3.136  1.0 0.0
 0.35  0.2407   -3.146  1.0 1.0

//Step Top 3
TEXTURE 14
-0.35  0.249   -3.249  0.0 1.0
-0.35  0.249   -3.136  0.0 0.0
 0.35  0.249   -3.136  1.0 0.0
 0.35  0.249   -3.249  1.0 1.0


//Step Front 4
TEXTURE 15
-0.35  0.3237  -3.249 0.0 1.0
-0.35  0.249   -3.249 0.0 0.0
 0.35  0.249   -3.249 1.0 0.0
 0.35  0.3237  -3.249 1.0 1.0

//Step Thickness 4
TEXTURE 14
-0.35  0.332   -3.219 0.0 1.0
-0.35  0.3237  -3.219 0.0 0.0
 0.35  0.3237  -3.219 1.0 0.0
 0.35  0.332   -3.219 1.0 1.0

//Step Thickness Underneath 4
TEXTURE 14
-0.35  0.3237   -3.249  0.0 1.0
-0.35  0.3237   -3.219  0.0 0.0
 0.35  0.3237   -3.219  1.0 0.0
 0.35  0.3237   -3.249  1.0 1.0

//Step Top 4
TEXTURE 14
-0.35  0.332   -3.332  0.0 1.0
-0.35  0.332   -3.219  0.0 0.0
 0.35  0.332   -3.219  1.0 0.0
 0.35  0.332   -3.332  1.0 1.0

//Step Front 5
TEXTURE 15
-0.35  0.4067  -3.332 0.0 1.0
-0.35  0.332   -3.332 0.0 0.0
 0.35  0.332   -3.332 1.0 0.0
 0.35  0.4067  -3.332 1.0 1.0

//Step Thickness 5
TEXTURE 14
-0.35  0.415   -3.302 0.0 1.0
-0.35  0.4067  -3.302 0.0 0.0
 0.35  0.4067  -3.302 1.0 0.0
 0.35  0.415   -3.302 1.0 1.0

//Step Thickness Underneath 5
TEXTURE 14
-0.35  0.4067   -3.332  0.0 1.0
-0.35  0.4067   -3.302  0.0 0.0
 0.35  0.4067   -3.302  1.0 0.0
 0.35  0.4067   -3.332  1.0 1.0

//Step Top 5
TEXTURE 14
-0.35  0.415   -3.415  0.0 1.0
-0.35  0.415   -3.302  0.0 0.0
 0.35  0.415   -3.302  1.0 0.0
 0.35  0.415   -3.415  1.0 1.0

//Step Front 6
TEXTURE 15
-0.35  0.4897  -3.415 0.0 1.0
-0.35  0.415   -3.415 0.0 0.0
 0.35  0.415   -3.415 1.0 0.0
 0.35  0.4897  -3.415 1.0 1.0

//Step Thickness 6
TEXTURE 14
-0.35  0.498   -3.385 0.0 1.0
-0.35  0.4897  -3.385 0.0 0.0
 0.35  0.4897  -3.385 1.0 0.0
 0.35  0.498   -3.385 1.0 1.0

//Step Thickness Underneath 6
TEXTURE 14
-0.35  0.4897   -3.415  0.0 1.0
-0.35  0.4897   -3.385  0.0 0.0
 0.35  0.4897   -3.385  1.0 0.0
 0.35  0.4897   -3.415  1.0 1.0

//Step Top 6
TEXTURE 14
-0.35  0.498   -3.498  0.0 1.0
-0.35  0.498   -3.385  0.0 0.0
 0.35  0.498   -3.385  1.0 0.0
 0.35  0.498   -3.498  1.0 1.0

//Step Front 7
TEXTURE 15
-0.35  0.5727  -3.498 0.0 1.0
-0.35  0.498   -3.498 0.0 0.0
 0.35  0.498   -3.498 1.0 0.0
 0.35  0.5727  -3.498 1.0 1.0

//Step Thickness 7
TEXTURE 14
-0.35  0.581   -3.468 0.0 1.0
-0.35  0.5727  -3.468 0.0 0.0
 0.35  0.5727  -3.468 1.0 0.0
 0.35  0.581   -3.468 1.0 1.0

//Step Thickness Underneath 7
TEXTURE 14
-0.35  0.5727   -3.498  0.0 1.0
-0.35  0.5727   -3.468  0.0 0.0
 0.35  0.5727   -3.468  1.0 0.0
 0.35  0.5727   -3.498  1.0 1.0

//Step Top 7
TEXTURE 14
-0.35  0.581   -3.581  0.0 1.0
-0.35  0.581   -3.468  0.0 0.0
 0.35  0.581   -3.468  1.0 0.0
 0.35  0.581   -3.581  1.0 1.0

//Step Front 8
TEXTURE 15
-0.35  0.6557  -3.581 0.0 1.0
-0.35  0.581   -3.581 0.0 0.0
 0.35  0.581   -3.581 1.0 0.0
 0.35  0.6557  -3.581 1.0 1.0

//Step Thickness 8
TEXTURE 14
-0.35  0.664   -3.551 0.0 1.0
-0.35  0.6557  -3.551 0.0 0.0
 0.35  0.6557  -3.551 1.0 0.0
 0.35  0.664   -3.551 1.0 1.0

//Step Thickness Underneath 8
TEXTURE 14
-0.35  0.6557   -3.581  0.0 1.0
-0.35  0.6557   -3.551  0.0 0.0
 0.35  0.6557   -3.551  1.0 0.0
 0.35  0.6557   -3.581  1.0 1.0

//Step Top 8
TEXTURE 14
-0.35  0.664   -3.664  0.0 1.0
-0.35  0.664   -3.551  0.0 0.0
 0.35  0.664   -3.551  1.0 0.0
 0.35  0.664   -3.664  1.0 1.0


//Step Front 9
TEXTURE 15
-0.35  0.7387  -3.664 0.0 1.0
-0.35  0.664   -3.664 0.0 0.0
 0.35  0.664   -3.664 1.0 0.0
 0.35  0.7387  -3.664 1.0 1.0

//Step Thickness 9
TEXTURE 14
-0.35  0.747   -3.634 0.0 1.0
-0.35  0.7387  -3.634 0.0 0.0
 0.35  0.7387  -3.634 1.0 0.0
 0.35  0.747   -3.634 1.0 1.0

//Step Thickness Underneath 9
TEXTURE 14
-0.35  0.7387   -3.664  0.0 1.0
-0.35  0.7387   -3.634  0.0 0.0
 0.35  0.7387   -3.634  1.0 0.0
 0.35  0.7387   -3.664  1.0 1.0

//Step Top 9
TEXTURE 14
-0.35  0.747   -3.747  0.0 1.0
-0.35  0.747   -3.634  0.0 0.0
 0.35  0.747   -3.634  1.0 0.0
 0.35  0.747   -3.747  1.0 1.0

//Step Front 10
TEXTURE 15
-0.35  0.8217  -3.747 0.0 1.0
-0.35  0.747   -3.747 0.0 0.0
 0.35  0.747   -3.747 1.0 0.0
 0.35  0.8217  -3.747 1.0 1.0

//Step Thickness 10
TEXTURE 14
-0.35  0.830   -3.717 0.0 1.0
-0.35  0.8217  -3.717 0.0 0.0
 0.35  0.8217  -3.717 1.0 0.0
 0.35  0.830   -3.717 1.0 1.0

//Step Thickness Underneath 10
TEXTURE 14
-0.35  0.8217   -3.747  0.0 1.0
-0.35  0.8217   -3.717  0.0 0.0
 0.35  0.8217   -3.717  1.0 0.0
 0.35  0.8217   -3.747  1.0 1.0

//Step Top 10
TEXTURE 14
-0.35  0.830   -3.830  0.0 1.0
-0.35  0.830   -3.717  0.0 0.0
 0.35  0.830   -3.717  1.0 0.0
 0.35  0.830   -3.830  1.0 1.0

//Step Front 11
TEXTURE 15
-0.35  0.9047  -3.830 0.0 1.0
-0.35  0.830   -3.830 0.0 0.0
 0.35  0.830   -3.830 1.0 0.0
 0.35  0.9047  -3.830 1.0 1.0

//Step Thickness 11
TEXTURE 14
-0.35  0.913   -3.800 0.0 1.0
-0.35  0.9047  -3.800 0.0 0.0
 0.35  0.9047  -3.800 1.0 0.0
 0.35  0.913   -3.800 1.0 1.0

//Step Thickness Underneath 11
TEXTURE 14
-0.35  0.9047   -3.830  0.0 1.0
-0.35  0.9047   -3.800  0.0 0.0
 0.35  0.9047   -3.800  1.0 0.0
 0.35  0.9047   -3.830  1.0 1.0

//Step Top 11
TEXTURE 14
-0.35  0.913   -3.913  0.0 1.0
-0.35  0.913   -3.800  0.0 0.0
 0.35  0.913   -3.800  1.0 0.0
 0.35  0.913   -3.913  1.0 1.0

//Step Front 12
TEXTURE 15
-0.35  0.9877  -3.913 0.0 1.0
-0.35  0.913   -3.913 0.0 0.0
 0.35  0.913   -3.913 1.0 0.0
 0.35  0.9877  -3.913 1.0 1.0

//Step Thickness 12
TEXTURE 14
-0.35  1.001     -3.883 0.0 1.0
-0.35  0.9877  -3.883 0.0 0.0
 0.35  0.9877  -3.883 1.0 0.0
 0.35  1.001     -3.883 1.0 1.0

//Step Thickness Underneath 12
TEXTURE 14
-0.35  0.9877   -3.913  0.0 1.0
-0.35  0.9877   -3.883  0.0 0.0
 0.35  0.9877   -3.883  1.0 0.0
 0.35  0.9877   -3.913  1.0 1.0

//Step Top 12
TEXTURE 14
-0.35  1.001   -4.000  0.0 1.0
-0.35  1.001   -3.883  0.0 0.0
 0.35  1.001   -3.883  1.0 0.0
 0.35  1.001   -4.000  1.0 1.0

//Stair Wall Left
TEXTURE 11
-0.35  1.0  -2.0 0.0 1.0
-0.35  0.0  -2.0 0.0 0.0
-0.35  0.0  -4.0 1.5 0.0
-0.35  1.0  -4.0 1.5 1.0

//Stair Wall Right
TEXTURE 11
0.35  1.0  -2.0 0.0 1.0
0.35  0.0  -2.0 0.0 0.0
0.35  0.0  -4.0 1.5 0.0
0.35  1.0  -4.0 1.5 1.0

//Front Door Near Stairs
TEXTURE 20
-0.5  1.0  -2.0 0.0 1.0
-0.5  0.0  -2.0 0.0 0.0
0.5   0.0  -2.0 1.0 0.0
0.5   1.0  -2.0 1.0 1.0

//Floor top of stairs
TEXTURE 14
-0.5  1.001  -6.0 0.0 0.0
-0.5  1.001  -4.0 0.0 5.0
0.5   1.001  -4.0 5.0 5.0
0.5   1.001  -6.0 5.0 0.0

//Floor 2nd Floor Left Side
TEXTURE 14
-0.35  1.001 -2.0   0.0 10.0
-0.35  1.001 -6.0   0.0 0.0
-6.0   1.001 -6.0   7.4 0.0
-6.0   1.001 -2.0   7.4 10.0

//Floor 2nd Floor Right Side
TEXTURE 14
0.35  1.001 -2.0   0.0 10.0
0.35  1.001 -6.0   0.0 0.0
6.0   1.001 -6.0   7.4 0.0
6.0   1.001 -2.0   7.4 10.0

//Front Wall Upstairs
TEXTURE 17
-3.0  3.0  -6.0 0.0 1.0
-3.0  1.0  -6.0 0.0 0.0
 3.0  1.0  -6.0 1.0 0.0
 3.0  3.0  -6.0 1.0 1.0

//Left Wall Upstairs
TEXTURE 17
-3.0  2.0  -6.0 0.0 1.0
-3.0  1.0  -6.0 0.0 0.0
-3.0  1.0  1.0 1.0 0.0
-3.0  2.0  1.0 1.0 1.0

//Right Wall Upstairs
TEXTURE 17
3.0  2.0  -6.0 0.0 1.0
3.0  1.0  -6.0 0.0 0.0
3.0  1.0  1.0 1.0 0.0
3.0  2.0  1.0 1.0 1.0

//Back Wall Upstairs
TEXTURE 17
3.0  3.0   1.0 0.0 1.0
3.0  1.0   1.0 0.0 0.0
-3.0 1.0   1.0 1.0 0.0
-3.0 3.0   1.0 1.0 1.0

//Ceiling Right Side
TEXTURE 16
3.0  2.0   -6.0 0.0 0.0
0.0  2.5   -6.0 10.0 0.0
0.0  2.5   1.0  10.0 10.0
3.0  2.0   1.0  0.0 10.0

//Ceiling Left Side
TEXTURE 16
-3.0  2.0   -6.0 0.0 0.0
0.0  2.5   -6.0 5.0 0.0
0.0  2.5   1.0  5.0 5.0
-3.0  2.0   1.0  0.0 5.0

//Railing Wall Left
TEXTURE 18
-0.35  1.5  -2.0 0.0 1.0
-0.35  1.0  -2.0 0.0 0.0
-0.35  1.0  -4.0 3.0 0.0
-0.35  1.5  -4.0 3.0 1.0

//Railing Wall Right
TEXTURE 18
0.35  1.5  -2.0 0.0 1.0
0.35  1.0  -2.0 0.0 0.0
0.35  1.0  -4.0 3.0 0.0
0.35  1.5  -4.0 3.0 1.0

//Railing Back
TEXTURE 18
-0.35  1.5  -2.0 0.0 1.0
-0.35  1.0  -2.0 0.0 0.0
0.35   1.0  -2.0 1.0 0.0
0.35   1.5  -2.0 1.0 1.0

//Door In Front - Just the Door
TEXTURE 21
-0.18	0.81	-1.999	0.0 1.0
-0.18	0.0	-1.999	0.0 0.0
0.193	0.0	-1.999	1.0 0.0
0.193	0.81	-1.999	1.0 1.0

//Left Statue Bottom side 1
TEXTURE 22
-2.0	1.35	-0.5	0.0 1.0
-2.0	1.0	-0.5	0.0 0.0
-2.0	1.0	-0.35	1.0 0.0
-2.0	1.35	-0.35	1.0 1.0

//Left Statue Bottom side 2
TEXTURE 22
-2.0	1.35	-0.35	0.0 1.0
-2.0	1.0	-0.35	0.0 0.0
-1.85	1.0	-0.35	1.0 0.0
-1.85	1.35	-0.35	1.0 1.0


//Left Statue Bottom side 3
TEXTURE 22
-2.0	1.35	-0.5	0.0 1.0
-2.0	1.0	-0.5	0.0 0.0
-1.85	1.0	-0.5	1.0 0.0
-1.85	1.35	-0.5	1.0 1.0

//Left Statue Bottom side 4
TEXTURE 22
-1.85	1.35	-0.5	0.0 1.0
-1.85	1.0	-0.5	0.0 0.0
-1.85	1.0	-0.35	1.0 0.0
-1.85	1.35	-0.35	1.0 1.0

//Middle Statue Bottom side 1
TEXTURE 22
0.0	1.35	-0.5	0.0 1.0
0.0	1.0	-0.5	0.0 0.0
0.0	1.0	-0.35	1.0 0.0
0.0	1.35	-0.35	1.0 1.0

//Middle Statue Bottom side 2
TEXTURE 22
0.0	1.35	-0.35	0.0 1.0
0.0	1.0	-0.35	0.0 0.0
0.15	1.0	-0.35	1.0 0.0
0.15	1.35	-0.35	1.0 1.0


//Middle Statue Bottom side 3
TEXTURE 22
0.0	1.35	-0.5	0.0 1.0
0.0	1.0	-0.5	0.0 0.0
0.15	1.0	-0.5	1.0 0.0
0.15	1.35	-0.5	1.0 1.0

//Middle Statue Bottom side 4
TEXTURE 22
0.15	1.35	-0.5	0.0 1.0
0.15	1.0	-0.5	0.0 0.0
0.15	1.0	-0.35	1.0 0.0
0.15	1.35	-0.35	1.0 1.0

//Right Statue Bottom side 1
TEXTURE 22
2.0	1.35	-0.5	0.0 1.0
2.0	1.0	-0.5	0.0 0.0
2.0	1.0	-0.35	1.0 0.0
2.0	1.35	-0.35	1.0 1.0

//Right Statue Bottom side 2
TEXTURE 22
2.0	1.35	-0.35	0.0 1.0
2.0	1.0	-0.35	0.0 0.0
2.15	1.0	-0.35	1.0 0.0
2.15	1.35	-0.35	1.0 1.0


//Right Statue Bottom side 3
TEXTURE 22
2.0	1.35	-0.5	0.0 1.0
2.0	1.0	-0.5	0.0 0.0
2.15	1.0	-0.5	1.0 0.0
2.15	1.35	-0.5	1.0 1.0

//Right Statue Bottom side 4
TEXTURE 22
2.15	1.35	-0.5	0.0 1.0
2.15	1.0	-0.5	0.0 0.0
2.15	1.0	-0.35	1.0 0.0
2.15	1.35	-0.35	1.0 1.0
