NUMPOLLIES 108

// Floor 1
TEXTURE 0
-5.0  0.0 -6.0 0.0 20.0
-5.0  0.0  5.0 0.0 0.0
 5.0  0.0  5.0 20.0 0.0
 5.0  0.0 -6.0 20.0 20.0

// Ceiling 1
TEXTURE 1
-6.0  1.0 -2.0  0.0 20.0
-6.0  1.0  6.0 0. 0 0.0
 6.0  1.0  6.0 20.0 0.0
 6.0  1.0 -2.0  20.0 20.0

// Floor 2nd Floor
TEXTURE 14
-6.0  1.001 -2.0   0.0 14.0
-6.0  1.001 6.0    0.0 0.0
 6.0  1.001 6.0    14.0 0.0
 6.0  1.001 -2.0   14.0 14.0

// C Side Door
TEXTURE 12
-3.0  1.0  -0.5 1.0 1.0
-3.0  0.0  -0.5 1.0 0.0
-3.0  0.0   0.5 0.0 0.0
-3.0  1.0   0.5 0.0 1.0

// D Side Door
TEXTURE 12
3.0  1.0  -0.5 1.0 1.0
3.0  0.0  -0.5 1.0 0.0
3.0  0.0   0.5 0.0 0.0
3.0  1.0   0.5 0.0 1.0





//Stair Wall Left
TEXTURE 11
-0.35  1.0  -2.0 0.0 1.0
-0.35  0.0  -2.0 0.0 0.0
-0.35  0.0  -4.0 1.5 0.0
-0.35  1.0  -4.0 1.5 1.0

//Stair Wall Right
TEXTURE 11
0.35  1.0  -2.0 0.0 1.0
0.35  0.0  -2.0 0.0 0.0
0.35  0.0  -4.0 1.5 0.0
0.35  1.0  -4.0 1.5 1.0



//Floor top of stairs
TEXTURE 14
-0.5  1.001  -6.0 0.0 0.0
-0.5  1.001  -4.0 0.0 5.0
0.5   1.001  -4.0 5.0 5.0
0.5   1.001  -6.0 5.0 0.0

//Floor 2nd Floor Left Side
TEXTURE 14
-0.35  1.001 -2.0   0.0 10.0
-0.35  1.001 -6.0   0.0 0.0
-6.0   1.001 -6.0   7.4 0.0
-6.0   1.001 -2.0   7.4 10.0

//Floor 2nd Floor Right Side
TEXTURE 14
0.35  1.001 -2.0   0.0 10.0
0.35  1.001 -6.0   0.0 0.0
6.0   1.001 -6.0   7.4 0.0
6.0   1.001 -2.0   7.4 10.0

//Front Wall Upstairs
TEXTURE 17
-3.0  3.0  -6.0 0.0 1.0
-3.0  1.0  -6.0 0.0 0.0
 3.0  1.0  -6.0 1.0 0.0
 3.0  3.0  -6.0 1.0 1.0

//Left Wall Upstairs
TEXTURE 17
-3.0  2.0  -6.0 0.0 1.0
-3.0  1.0  -6.0 0.0 0.0
-3.0  1.0  1.0 1.0 0.0
-3.0  2.0  1.0 1.0 1.0

//Right Wall Upstairs
TEXTURE 17
3.0  2.0  -6.0 0.0 1.0
3.0  1.0  -6.0 0.0 0.0
3.0  1.0  1.0 1.0 0.0
3.0  2.0  1.0 1.0 1.0

//Back Wall Upstairs
TEXTURE 17
3.0  3.0   1.0 0.0 1.0
3.0  1.0   1.0 0.0 0.0
-3.0 1.0   1.0 1.0 0.0
-3.0 3.0   1.0 1.0 1.0

//Ceiling Right Side
TEXTURE 16
3.0  2.0   -6.0 0.0 0.0
0.0  2.5   -6.0 10.0 0.0
0.0  2.5   1.0  10.0 10.0
3.0  2.0   1.0  0.0 10.0

//Ceiling Left Side
TEXTURE 16
-3.0  2.0   -6.0 0.0 0.0
0.0  2.5   -6.0 5.0 0.0
0.0  2.5   1.0  5.0 5.0
-3.0  2.0   1.0  0.0 5.0

//Railing Wall Left
TEXTURE 18
-0.35  1.5  -2.0 0.0 1.0
-0.35  1.0  -2.0 0.0 0.0
-0.35  1.0  -4.0 3.0 0.0
-0.35  1.5  -4.0 3.0 1.0

//Railing Wall Right
TEXTURE 18
0.35  1.5  -2.0 0.0 1.0
0.35  1.0  -2.0 0.0 0.0
0.35  1.0  -4.0 3.0 0.0
0.35  1.5  -4.0 3.0 1.0

//Railing Back
TEXTURE 18
-0.35  1.5  -2.0 0.0 1.0
-0.35  1.0  -2.0 0.0 0.0
0.35   1.0  -2.0 1.0 0.0
0.35   1.5  -2.0 1.0 1.0

//Door In Front - Just the Door
TEXTURE 21
-0.18	0.81	-1.999	0.0 1.0
-0.18	0.0	-1.999	0.0 0.0
0.193	0.0	-1.999	1.0 0.0
0.193	0.81	-1.999	1.0 1.0

//Left Statue Bottom side 1
TEXTURE 22
-2.0	1.35	-0.5	0.0 1.0
-2.0	1.0	-0.5	0.0 0.0
-2.0	1.0	-0.35	1.0 0.0
-2.0	1.35	-0.35	1.0 1.0

//Left Statue Bottom side 2
TEXTURE 22
-2.0	1.35	-0.35	0.0 1.0
-2.0	1.0	-0.35	0.0 0.0
-1.85	1.0	-0.35	1.0 0.0
-1.85	1.35	-0.35	1.0 1.0


//Left Statue Bottom side 3
TEXTURE 22
-2.0	1.35	-0.5	0.0 1.0
-2.0	1.0	-0.5	0.0 0.0
-1.85	1.0	-0.5	1.0 0.0
-1.85	1.35	-0.5	1.0 1.0

//Left Statue Bottom side 4
TEXTURE 22
-1.85	1.35	-0.5	0.0 1.0
-1.85	1.0	-0.5	0.0 0.0
-1.85	1.0	-0.35	1.0 0.0
-1.85	1.35	-0.35	1.0 1.0

//Middle Statue Bottom side 1
TEXTURE 22
0.0	1.35	-0.5	0.0 1.0
0.0	1.0	-0.5	0.0 0.0
0.0	1.0	-0.35	1.0 0.0
0.0	1.35	-0.35	1.0 1.0

//Middle Statue Bottom side 2
TEXTURE 22
0.0	1.35	-0.35	0.0 1.0
0.0	1.0	-0.35	0.0 0.0
0.15	1.0	-0.35	1.0 0.0
0.15	1.35	-0.35	1.0 1.0


//Middle Statue Bottom side 3
TEXTURE 22
0.0	1.35	-0.5	0.0 1.0
0.0	1.0	-0.5	0.0 0.0
0.15	1.0	-0.5	1.0 0.0
0.15	1.35	-0.5	1.0 1.0

//Middle Statue Bottom side 4
TEXTURE 22
0.15	1.35	-0.5	0.0 1.0
0.15	1.0	-0.5	0.0 0.0
0.15	1.0	-0.35	1.0 0.0
0.15	1.35	-0.35	1.0 1.0

//Right Statue Bottom side 1
TEXTURE 22
2.0	1.35	-0.5	0.0 1.0
2.0	1.0	-0.5	0.0 0.0
2.0	1.0	-0.35	1.0 0.0
2.0	1.35	-0.35	1.0 1.0

//Right Statue Bottom side 2
TEXTURE 22
2.0	1.35	-0.35	0.0 1.0
2.0	1.0	-0.35	0.0 0.0
2.15	1.0	-0.35	1.0 0.0
2.15	1.35	-0.35	1.0 1.0


//Right Statue Bottom side 3
TEXTURE 22
2.0	1.35	-0.5	0.0 1.0
2.0	1.0	-0.5	0.0 0.0
2.15	1.0	-0.5	1.0 0.0
2.15	1.35	-0.5	1.0 1.0

//Right Statue Bottom side 4
TEXTURE 22
2.15	1.35	-0.5	0.0 1.0
2.15	1.0	-0.5	0.0 0.0
2.15	1.0	-0.35	1.0 0.0
2.15	1.35	-0.35	1.0 1.0
