NUMPOLLIES 108

// Floor 1
TEXTURE 14
-5.0  0.0 -6.0 0.0 20.0
-5.0  0.0  5.0 0.0 0.0
 5.0  0.0  5.0 20.0 0.0
 5.0  0.0 -6.0 20.0 20.0

// Ceiling 1
TEXTURE 1
-6.0  1.0 -2.0  0.0 20.0
-6.0  1.0  6.0 0. 0 0.0
 6.0  1.0  6.0 20.0 0.0
 6.0  1.0 -2.0  20.0 20.0

// Floor 2nd Floor
TEXTURE 14
-6.0  1.001 -2.0   0.0 14.0
-6.0  1.001 6.0    0.0 0.0
 6.0  1.001 6.0    14.0 0.0
 6.0  1.001 -2.0   14.0 14.0

<<<<<<< HEAD
// A1
TEXTURE 11
-2.0  1.0  -2.0 0.0 1.0
-2.0  0.0  -2.0 0.0 0.0
-0.5  0.0  -2.0 1.5 0.0
-0.5  1.0  -2.0 1.5 1.0

// A2
TEXTURE 11
 2.0  1.0  -2.0 2.0 1.0
 2.0  0.0  -2.0 2.0 0.0
 0.5  0.0  -2.0 0.5 0.0
 0.5  1.0  -2.0 0.5 1.0



// B1
TEXTURE 11
-2.0  1.0  2.0 2.0  1.0
-2.0  0.0   2.0 2.0 0.0
-0.5  0.0   2.0 0.5 0.0
-0.5  1.0  2.0 0.5  1.0

// B2
TEXTURE 11
 2.0  1.0  2.0 2.0  1.0
 2.0  0.0   2.0 2.0 0.0
 0.5  0.0   2.0 0.5 0.0
 0.5  1.0  2.0 0.5  1.0

// B3
TEXTURE 11
-0.5  1.0  2.0 2.0  1.0
-0.5  0.0   2.0 2.0 0.0
 0.5  0.0   2.0 0.5 0.0
 0.5  1.0  2.0 0.5  1.0

// C1
TEXTURE 11
-2.0  1.0  -2.0 0.0  1.0
-2.0  0.0   -2.0 0.0 0.0
-2.0  0.0   -0.5 1.5 0.0
-2.0  1.0  -0.5 1.5  1.0

// C2
TEXTURE 11
-2.0  1.0   2.0 2.0 1.0
-2.0  0.0   2.0 2.0 0.0
-2.0  0.0   0.5 0.5 0.0
-2.0  1.0  0.5 0.5 1.0

// C3
TEXTURE 11
-2.0  1.0  -0.5 2.0 1.0
-2.0  0.0  -0.5 2.0 0.0
-2.0  0.0   0.5 0.5 0.0
-2.0  1.0  0.5 0.5 1.0

// D1
TEXTURE 11
2.0  1.0  -2.0 0.0 1.0
2.0  0.0   -2.0 0.0 0.0
2.0  0.0   -0.5 1.5 0.0
2.0  1.0  -0.5 1.5 1.0

// D2
TEXTURE 11
2.0  1.0  2.0 2.0 1.0
2.0  0.0   2.0 2.0 0.0
2.0  0.0   0.5 0.5 0.0
2.0  1.0  0.5 0.5 1.0


// D3
TEXTURE 11
2.0  1.0  -0.5 2.0 1.0
2.0  0.0   -0.5 2.0 0.0
2.0  0.0   0.5 0.5 0.0
2.0  1.0  0.5 0.5 1.0

// Lower hallway - L
TEXTURE 11
-0.5  1.0  3.0 0.0 1.0
-0.5  0.0   3.0 0.0 0.0
-0.5  0.0   2.0 1.0 0.0
-0.5  1.0  2.0 1.0 1.0

// Lower hallway - R
TEXTURE 11
0.5  1.0  3.0 0.0 1.0
0.5  0.0   3.0 0.0 0.0
0.5  0.0   2.0 1.0 0.0
0.5  1.0  2.0 1.0 1.0


// Left hallway - Lw
TEXTURE 11
-3.0  1.0  0.5 1.0 1.0
-3.0  0.0   0.5 1.0 0.0
-2.0  0.0   0.5 0.0 0.0
-2.0  1.0  0.5 0.0 1.0

// Left hallway - Hi
TEXTURE 11
-3.0  1.0  -0.5 1.0 1.0
-3.0  0.0   -0.5 1.0 0.0
-2.0  0.0   -0.5 0.0 0.0
-2.0  1.0  -0.5 0.0 1.0

// Right hallway - Lw
TEXTURE 11
3.0  1.0  0.5 1.0 1.0
3.0  0.0   0.5 1.0 0.0
2.0  0.0   0.5 0.0 0.0
2.0  1.0  0.5 0.0 1.0

// Right hallway - Hi
TEXTURE 11
3.0  1.0  -0.5 1.0 1.0
3.0  0.0   -0.5 1.0 0.0
2.0  0.0   -0.5 0.0 0.0
2.0  1.0 -0.5 0.0 1.0

//Far Wall
TEXTURE 11
-0.5  1.0  -6.0 0.0 1.0
-0.5  0.0  -6.0 0.0 0.0
0.5  0.0  -6.0 1.5 0.0
0.5  1.0  -6.0 1.5 1.0

//Far Left Wall
TEXTURE 11
-0.5  1.0  -2.0 0.0 1.0
-0.5  0.0  -2.0 0.0 0.0
-0.5  0.0  -6.0 1.5 0.0
-0.5  1.0  -6.0 1.5 1.0

//Far Right Wall
TEXTURE 11
0.5  1.0  -2.0 0.0 1.0
0.5  0.0  -2.0 0.0 0.0
0.5  0.0  -6.0 1.5 0.0
0.5  1.0  -6.0 1.5 1.0


// A1 Picture
TEXTURE 2
-1.6  0.85  -1.9999 1.0 1.0
-1.6  0.15  -1.9999 1.0 0.0
-0.9  0.15  -1.9999 0.0 0.0
-0.9  0.85  -1.9999 0.0 1.0



// B2 Picture
TEXTURE 3
 1.6  0.85  1.9999 1.0 1.0
 1.6  0.15  1.9999 1.0 0.0
 0.9  0.15  1.9999 0.0 0.0
 0.9  0.85  1.9999 0.0 1.0


// C2 Picture
TEXTURE 4
-1.9999  0.85  1.6 1.0 1.0
-1.9999  0.15  1.6 1.0 0.0
-1.9999  0.15  0.9 0.0 0.0
-1.9999  0.85  0.9 0.0 1.0



//Far Wall Picture
TEXTURE 8
-0.45  0.95  -5.9999 0.0 1.0
-0.45  0.05  -5.9999 0.0 0.0
 0.45  0.05  -5.9999 1.0 0.0
 0.45  0.95  -5.9999 1.0 1.0

// B Side Door Picture
TEXTURE 12
-0.5  1.0  3.0 1.0 1.0
-0.5  0.0  3.0 1.0 0.0
 0.5  0.0  3.0 0.0 0.0
 0.5  1.0  3.0 0.0 1.0

=======
>>>>>>> 41c8d0225bfb985f2d00d5fa34404b178202461f
// C Side Door
TEXTURE 12
-3.0  1.0  -0.5 1.0 1.0
-3.0  0.0  -0.5 1.0 0.0
-3.0  0.0   0.5 0.0 0.0
-3.0  1.0   0.5 0.0 1.0

// D Side Door
TEXTURE 12
3.0  1.0  -0.5 1.0 1.0
3.0  0.0  -0.5 1.0 0.0
3.0  0.0   0.5 0.0 0.0
3.0  1.0   0.5 0.0 1.0





//Stair Wall Left
TEXTURE 11
-0.35  1.0  -2.0 0.0 1.0
-0.35  0.0  -2.0 0.0 0.0
-0.35  0.0  -4.0 1.5 0.0
-0.35  1.0  -4.0 1.5 1.0

//Stair Wall Right
TEXTURE 11
0.35  1.0  -2.0 0.0 1.0
0.35  0.0  -2.0 0.0 0.0
0.35  0.0  -4.0 1.5 0.0
0.35  1.0  -4.0 1.5 1.0



//Floor top of stairs
TEXTURE 14
-0.5  1.001  -6.0 0.0 0.0
-0.5  1.001  -4.0 0.0 5.0
0.5   1.001  -4.0 5.0 5.0
0.5   1.001  -6.0 5.0 0.0

//Floor 2nd Floor Left Side
TEXTURE 14
-0.35  1.001 -2.0   0.0 10.0
-0.35  1.001 -6.0   0.0 0.0
-6.0   1.001 -6.0   7.4 0.0
-6.0   1.001 -2.0   7.4 10.0

//Floor 2nd Floor Right Side
TEXTURE 14
0.35  1.001 -2.0   0.0 10.0
0.35  1.001 -6.0   0.0 0.0
6.0   1.001 -6.0   7.4 0.0
6.0   1.001 -2.0   7.4 10.0

//Front Wall Upstairs
TEXTURE 17
-3.0  3.0  -6.0 0.0 1.0
-3.0  1.0  -6.0 0.0 0.0
 3.0  1.0  -6.0 1.0 0.0
 3.0  3.0  -6.0 1.0 1.0

//Left Wall Upstairs
TEXTURE 17
-3.0  2.0  -6.0 0.0 1.0
-3.0  1.0  -6.0 0.0 0.0
-3.0  1.0  1.0 1.0 0.0
-3.0  2.0  1.0 1.0 1.0

//Right Wall Upstairs
TEXTURE 17
3.0  2.0  -6.0 0.0 1.0
3.0  1.0  -6.0 0.0 0.0
3.0  1.0  1.0 1.0 0.0
3.0  2.0  1.0 1.0 1.0

//Back Wall Upstairs
TEXTURE 17
3.0  3.0   1.0 0.0 1.0
3.0  1.0   1.0 0.0 0.0
-3.0 1.0   1.0 1.0 0.0
-3.0 3.0   1.0 1.0 1.0

//Ceiling Right Side
TEXTURE 16
3.0  2.0   -6.0 0.0 0.0
0.0  2.5   -6.0 10.0 0.0
0.0  2.5   1.0  10.0 10.0
3.0  2.0   1.0  0.0 10.0

//Ceiling Left Side
TEXTURE 16
-3.0  2.0   -6.0 0.0 0.0
0.0  2.5   -6.0 5.0 0.0
0.0  2.5   1.0  5.0 5.0
-3.0  2.0   1.0  0.0 5.0

//Railing Wall Left
TEXTURE 18
-0.35  1.5  -2.0 0.0 1.0
-0.35  1.0  -2.0 0.0 0.0
-0.35  1.0  -4.0 3.0 0.0
-0.35  1.5  -4.0 3.0 1.0

//Railing Wall Right
TEXTURE 18
0.35  1.5  -2.0 0.0 1.0
0.35  1.0  -2.0 0.0 0.0
0.35  1.0  -4.0 3.0 0.0
0.35  1.5  -4.0 3.0 1.0

//Railing Back
TEXTURE 18
-0.35  1.5  -2.0 0.0 1.0
-0.35  1.0  -2.0 0.0 0.0
0.35   1.0  -2.0 1.0 0.0
0.35   1.5  -2.0 1.0 1.0

//Door In Front - Just the Door
TEXTURE 21
-0.18	0.81	-1.999	0.0 1.0
-0.18	0.0	-1.999	0.0 0.0
0.193	0.0	-1.999	1.0 0.0
0.193	0.81	-1.999	1.0 1.0

//Left Statue Bottom side 1
TEXTURE 22
-2.0	1.35	-0.5	0.0 1.0
-2.0	1.0	-0.5	0.0 0.0
-2.0	1.0	-0.35	1.0 0.0
-2.0	1.35	-0.35	1.0 1.0

//Left Statue Bottom side 2
TEXTURE 22
-2.0	1.35	-0.35	0.0 1.0
-2.0	1.0	-0.35	0.0 0.0
-1.85	1.0	-0.35	1.0 0.0
-1.85	1.35	-0.35	1.0 1.0


//Left Statue Bottom side 3
TEXTURE 22
-2.0	1.35	-0.5	0.0 1.0
-2.0	1.0	-0.5	0.0 0.0
-1.85	1.0	-0.5	1.0 0.0
-1.85	1.35	-0.5	1.0 1.0

//Left Statue Bottom side 4
TEXTURE 22
-1.85	1.35	-0.5	0.0 1.0
-1.85	1.0	-0.5	0.0 0.0
-1.85	1.0	-0.35	1.0 0.0
-1.85	1.35	-0.35	1.0 1.0

//Middle Statue Bottom side 1
TEXTURE 22
0.0	1.35	-0.5	0.0 1.0
0.0	1.0	-0.5	0.0 0.0
0.0	1.0	-0.35	1.0 0.0
0.0	1.35	-0.35	1.0 1.0

//Middle Statue Bottom side 2
TEXTURE 22
0.0	1.35	-0.35	0.0 1.0
0.0	1.0	-0.35	0.0 0.0
0.15	1.0	-0.35	1.0 0.0
0.15	1.35	-0.35	1.0 1.0


//Middle Statue Bottom side 3
TEXTURE 22
0.0	1.35	-0.5	0.0 1.0
0.0	1.0	-0.5	0.0 0.0
0.15	1.0	-0.5	1.0 0.0
0.15	1.35	-0.5	1.0 1.0

//Middle Statue Bottom side 4
TEXTURE 22
0.15	1.35	-0.5	0.0 1.0
0.15	1.0	-0.5	0.0 0.0
0.15	1.0	-0.35	1.0 0.0
0.15	1.35	-0.35	1.0 1.0

//Right Statue Bottom side 1
TEXTURE 22
2.0	1.35	-0.5	0.0 1.0
2.0	1.0	-0.5	0.0 0.0
2.0	1.0	-0.35	1.0 0.0
2.0	1.35	-0.35	1.0 1.0

//Right Statue Bottom side 2
TEXTURE 22
2.0	1.35	-0.35	0.0 1.0
2.0	1.0	-0.35	0.0 0.0
2.15	1.0	-0.35	1.0 0.0
2.15	1.35	-0.35	1.0 1.0


//Right Statue Bottom side 3
TEXTURE 22
2.0	1.35	-0.5	0.0 1.0
2.0	1.0	-0.5	0.0 0.0
2.15	1.0	-0.5	1.0 0.0
2.15	1.35	-0.5	1.0 1.0

//Right Statue Bottom side 4
TEXTURE 22
2.15	1.35	-0.5	0.0 1.0
2.15	1.0	-0.5	0.0 0.0
2.15	1.0	-0.35	1.0 0.0
2.15	1.35	-0.35	1.0 1.0
